10000011010010100000010011000101000000000000001101010010100000000101000001001111001101000011000000000100000000101000000000001001100000100011100100011110001001001000111001100011000000000000101010100000101001001010100000110000011000001001100000010101010001000001100101010000010111110010010010011000001011100110100010000001001000100010000010010000000001000010101110010000000000010000010000101010
00001111110000011000011000100000001000010000100000000000101100010100000011001001110110110010111010100100001100011100000000010001010000011110010111100000000000000001100010001000000110101000000010000110010010100100000011011001000010000000000010000000000000001010010010000000110011000100000111111000100111000100010001100001001000000100000001000001010000101000000101000001000011100101000101010001
00001001010101000001011000110001000001000101100000000000010110010000100000001110000001010101100000001010111010011000010100010001010011001000001011100000010001000000100001100100010110010100110001010001000000110011011000101001011010000001010100000000111000000000001101100110000001001010000101010100000100100110001100010000100010000001000100000000100000000000000100010110010010010001011000000100
01000010110110000001001100001110000010000101000000010100101001011010001010110000010000100001000100010000001010000010000100100000101010000100011100101000000010100001000010001011100010000010000001000101000001000010000011000110000000001110000000000110010100000111100011001010110111000000001110000001000000000000010011000000101110000000000100000001011000000010001000100001101100101011001010111110
00100000000001100000110110100000000100110000110000110000000001010000100000010001000010111000001000110100000010100000100110000010010011000000101110000011010101110000000100000000100101101010011000001000100100100000000111100000000001011010111100110110000001100101001000101000100101000000110000100001001010110000110000101100000000001000100000100000011111001001100001010000010000001010110000000000
10010110000000001000100111000100101010001000101000000110001100001001011001010000110001000001100000001000000010000101000000010100000010010010000001101110101011100011001000111011000001100010000011000101000010000101000001000001010000001100000000100100001000000100010000000011100100000100000010000000101010000000001100000010001001111101000010100101100010010110100010000011001110000011001000000101
00001000000100101000110111100001100000000000001000000100000111000110010000010001101000000100000001011001110111110110000100000010000001000100000010000010100110001000100000100110100010110100100001011000101000001000100001001000011000000100000000000100000000001100000000110000110110000011000011000000001110011000110001000110001100101100000100000000110000010000000111101011101100010001100101000001
00001110000001100110000101110000100000110000100010000111010100000101000100111001000110000000000100010000010110010010000000010010100110101011001100010010001110101000001110100000001000010000001100000000010010000001001011011010011100000000010010000011000101001010000001000000000001000000100000100001011001010001100011010010000001000111000000001010000010001101011000000010000100000110000101101000
11100000000000011101011110000001110100000000000111101101010000110100000001010111011000010001001100001000111000010010000001000100010100000001000010011011000000000000000001000001000000000100000110010001010100011010000010110010000010000010001011000000000010010000110010000000001101000000001000100000000011111100000100010000100100000100000000100001100011000110111100000011110010111000011010000100
00000000110000010001011111010000011011010010010110011000000011101100111001001011000001000101100000000010011001011010000010011000010100100101000010001010001011000000001111001010000000010111000001100100000100001001000000010000100101000011000000011110000000000100010000001100000010010001100110001000000000100010000101000000000110000001100010100100010000000001110010010000001000100000000011100001
00001000000011000110010010000110010010001100101000011000111001001010000011100000000000100100111000001000110001000101000000000110010101100101111001000010000000000001000101010001110110011100101101100100001001111000101000000101100010111000100000000000111000000001011010000000000000000001100100011110011110001001001000001000101001010100000010000000010000010101000000100010000000000000000000000100
11001111010011100001000001001001000110000000100000000001000010110000000001101010001000100001011000000101111001000001000010010000100011110100010000000000010000010001101000100001000000101000001101010001100100101000110001100000010001000000000010100000000001000100001000010000100001010011000000001100011000100100100000010100111010000111000100010101010101000011000001011100000111000001010011001000
11000100001100010101000111000000111000000000001011010101001100000101110010100010010000111000100101001010000111101000000110001010000011000010010000100000111110000000000111000000010001000110001010001010000100100011000100010100000000000000000011000001000000001010100001110001000011000000001101001101001110000100000001100000001000000001000000101000100010001001100000100001001001100110100000000011
11110010011001001010101000000001100000000000001111000011000000000011000100100000110001000000100000000000000010000100000111110001000101100000010100001010011100110010010000000000110100010011000011011111000001000000010100101100100000000111100011000000000000001001000100101000110100000011001110000001101000010010000011100110010000000001010110000011000000000011000010010100000001100000000011110010
00010000011000000000100111110001111000100000010010001000101000001010000001000000110001100010011000001000000010110000100010000001000110011110101010011000100000010001000001100100010100001000011001000111000000000000001000000000010000100001000011000000001001101001010101001111101100000000100110000001001001100010001000110110000100101000110001110010011000001110100000000000011011000000100001010000
00101101000010000000000011001010011000100100000110000000010001010110010010100000100100000000001010001001000001001010000000110000000000100001010001000111100110001000110000001000000000001001010000010101000111100000000010010000000100000010000010001000111001100001000001100011011011101111010010110010110101100000000000011011001010001000110100010010001010000011000000001100100011010001010010000000
00000000001100101010001000000100101110110010100010111100000001000010010100101001000110101000010000000010000010011000000000000000100010100110000001000000000010001100100110010111010000001000110000100011101001000001100100100000000000000110000010100001000100001101010111011000000000100010101010000001010110000100010010000110100100011010000011010000010000010001100001110100001011000101101000000000
10000100000101000011100000000000001010001101100001001000100110001001010001101010100000100000000010000001010100001001010001000000011000100010011010000101000000101001001000100000101011010011000100011110011000010001010000100000010110101000100000000000010100000010000010110010000000001000011011000011010010101011100001001010000000000100010001111011000000100110000010001001000011000110100000001010
00100000010000010001000000000000000110110010000101010010000110000001100000000011000101010001001010000010000111001010000000001100100001000100000110100101001000010000010111101001010001111000000001010000000001010000100101000000000110001100000010100001100010101000000100001000000110010001000100100010100000011011000101000000010011000110110110101011001000101110100000001001100000100010100001011010
11001100101000100000000001100000100000000000000000000101110101100110100000101111101011001100000111000001100010011100100000000000100000001010110000010110000000001010010100000010000101110011110000000000001001000111000010001101101001101100001000100000000100110000000010000100000010000000010001100001001101110100000100000000100000010001010011010100010001000010110000010010111001010011000000000000
00000100111010100000001001010100001010000000010111001010011011001100011000000001000000000011000000100000000111000010000010011110100110000001000001000000010000100000010000001101110010000010000001000000011100010010000000000101010100110111010110101001100000010100000100001100010101000000100110000010000110000000101010000010000100001001000010100011100010110000010000110100100001010100001101000101
00101101000100011000101101010010000100011000010110010100100100000001010101010100000100011011000000000100100000101010000011010001001010011010000001000001100111001000000000000001010000000001000100000001010000010011001000000000001000100000000001001001000000001101111100001000101101100001100010001000101000001100011001000001110011000100001001100010000001000011000000111000110001100101010001000000
00000001000000010001000011000000100000000011000010100000000011010010000010100001010010100100000000000000100010100100011000000000010000000000010000000001011111011000100010000000000001100001000100100010100110101010011000000000001110100011111100001100010011010100010110100100100001100000100000001111010101001000010000100010101001010001110010110100111101000000010001100111010000100000000010010011
00001100100110001001110000000110100010000011000000001000100000000100001011000000100001011010101111100000001010010000100000010101111100000000000011000000001000111000110101000010110111101100001110000101000101010000100000001000110000010100101001011110100010000000000001001000001000000001100000000100000000000000110000010110000010100101000010010100101000000001000010101110000100101000011100000010
01100000100110110011000100000000000010011011000000111101110010000101110101110000000100000000000000000010010000000011000100001010000110110001001000011101001010101100110000110000101100010000100010000001010000110000001000000000100000001010000010000000000000000000110000110000000111000000100000001001011010001010100000010001100010000010100010101011100011001010010001100000001000011001011010110010
10000100100000010100100010010010000010000011110000100100101001000000000010011000001110011001100000001110100001010100000000010000001111001010000110100011010010100010010100010101110001000110001010100001010100000000000000000000011100000010001010011000101010010110000000011011000001100100000010110000110011000100100111000000001000101001000000000000001101000100010000110010100000000110010000010000
00100010100000010000100000001001011010100001001000011000100001000000100100010000010000000100000011100111010010000010001001000000110010110010010010000001111101110000101010000010000100111100000101101110000101001000100000010011101000011010000001100000000011010100101000100000010000000001110000100010000110100000011000100100010000010001100010001010101000100100100010000000000110010010010000000011
00000001111001100000010010011100000100001010000000010000011010100010111000101110100011110100010110000010010100001110011000010000001000110000110010101000000000000000100000000110001010100011010001001000000000000000000000110001000000000011000001000000000010100011000111011001011001100010010111100000000010011000000000000110100000111000111001000000010101000111110110000000100001010100001000000000
00000001000000000010010000001001010010000001100100000000001101000000100000000001000000010100001000000100000001000011100110100010000110001001100000110101000010011001011101011000000100100100100001000010000000100000000000000011011000100001000010100011101100000010000101011100101100000011110111110100100000000000011010010100000011011011010011000000011100000000011100000000110011000111010111100000
01000001100001001000000100110010100010000010101100100000010001000010000010010110000010001000011100000101011010000000110100000100110001110000000000111111011000010000000100100100100000001001011000011111000010001100000100100010000011000000001000101100001001111000000000000000110100110000000000100000000000101001010100000011001101000010100000000001010100100000000010100001011000011000011111110001
00101000100001100000101100110101000000010011000011101001000000000111000100000100000001000000001111001010010000010000001001100010000010100111111000000100110000001110101000000100000110000001011000010001001000111000100000100000000101000000001100000000000100001100001000100000000001001111101000100110101000000000010010000001000100100010111001110000100100001000100000010111001101100100011001000100
00000001001000000000000000101010110101000000110000010000110000101010101001010010011100010000000110101111010000000100000010001001100110001000101110100110010110000100101000001001010010010000010010010000101000110000000001010001100001000000000000001010000000110001000001000100000100001110000000100001011110010001100000100110000101010110000000011111000001010001011100100110000000000100010010010000
00100100001100010010000100000000000010000010011010000110100000000001111000000001000101010110010100101000001101000010000000000001000100101000110101000110010011100000000100000010000110101000100000100100100100000001010100010010001001001010100000000100000000101100000000011000000001110001000000100000000111110011110001010010100111010100001001100011001100011010011100101000000010001000110000100100
00001000000101000110000001000001001000000101010001000011000001111100101101100000100001000000001000100011000000100000010001001110100000101000100100110010010010110010011110000101011000001000001000100000000101000010000000000000000000000001101100011001110001010000000000101110001101011000010000000000101001101000011000100000010000110000011110001001010110010110000111000010110100001110010000000000
10001010110000110001010000010000010001000110000001000010010010000101000000010001010010000000000100101101000010000001000010001000000010000101010000010010101110101100100000011100010010001011000001000000101110000000100000001100000011101000000010010111101000000000000000001000110010010111010010100010100010010000001000000000010001111011011110001100111000000000100011100110000010000100000100101100
00111111000000000000001000010000110001010010000000011010000010010001001000010010101011101010000000000010010100001010000001000110000100110010010001100000001000110001001010010111000000100011011001000101110100100010100001100000101000001010001000000000000000001001010010101111000010001000011110010000000100001000000011000011000000000100011100000010111011000001000100000100000001100010011000011001
01000000010100101000100100000000100000000001000100010000000001000110010010011110001100101100011000011010100110100000100000001011000111010001011000000010001100011000001001100001010100000000000100000000000000000010100100000001001100001101011100000001001010000110010010001010011001101001100000000101100001100100010010101101000001000000011000001111100001000101000000000000110001101100001000011001
00000101000000000111000000010111001000001001010101000001101010101000110100001111101000010001010001010000100100110010011001100100000000000101000001000100101000110000110010101100001001100010000000011010000000100100100000001100000000000100010010000111011010001100110101000000000100000000100011100110001001011000000000001100000000000100011010011010001000001000010000001010001000001100110001000010
00000000100101100000010011000000001101000001101011000001000010001010011011010001100000000000000100001100100000110100001000101000000000000111011010100000010000000000011111000100000000001100001000101010100101001010100111010100001000000100000001100100100111001110010000001001000100000000000011000110000100101000000110100000010000000010101011111000000110000011010000010001010011100110001010000100
01110010000001000000000000011011001100000001000110000000001001100111000010001100000000000110010000001001001000100101101001100001100000100000011100101000000001001010100010011000100000010110000011000101100000110011110110001001011001001000100110100010000100010010100000011100000100000101001100100010000001010100000000100100000100000010011100101001101000010000000110000000101000110000010000010010
00111101100000101000000100000101000100100110110100100000100000000100010001101000010001000100100010010000100100100000010010111100100001000110010000011010011000010000010010000101100000000000100000001011000000100100100100100010000001000000011110100010000000100000010100000100100011000000000001000100101001010101010000010001101000011110101000010000101110010101100000011000001000001010011001010100
01100100000100010100000000011000100011001000001000100010000000000100011000110101100001010010001001000100011010010000001001000010000101011001010100000111000000100010100100100100000000000001000101100000011001001011101000010100000000000010110110000011001010000111001001010010010100010000000111000100110100000000000000000000000001011010000001110110000110101100010100101000111110000100010000000001
00001001001111000110000110001101100100101000000000100110001000001001000100011000000110011100100000101010000100000000000010000100010110011000100001110000000100000000000101000001101111100000010110100000010001100001000000001001100001100000010000001000000010000001011110100000110001100000000011000100100000000000101110011001010000010100000101101011000011000101101000000001100101100110000100001000
01010000000010000000101001110000110000000010001100000000010010000010000010011001010000010010000000100101110000000010000011001011000010000100000111000000001010000001001000100011000001011010010000000000000011001011000000101000000000010000001101110000100010000100000001110000111000001111001111010000011000010100010010100110000100011101011001011100000001101010000011000001000110001100000111010010
01010001000001101001010110011010001001010001100110100001100000000010001100110000001100010100100000100001111100010011000001000001011100000000011001000000000000001001010000001100001111000001010010000000010100111000000000000100100100011001100100010101000000011000100000001011000101011000000000010100111100001000000001100100000101000010001000000001010000001110101011001000000001000000101110000010
10010100100000000001000111000000001001010000110000001000101100001000110000001010100110100000000101010010000001000101011000101100000100000010000010110001001100001010000010001000111001110001001110100100000000001100000000000100010110110000101010000010000000010101110000100010001101010010000110011000010100011000101001001000001000101100000000000100010011100111000000011001100000000100000000010011
10000100100000000000111100010101110000000101110000110100100000100001000001000100000101101101110000000001010001001001010100100110111010000001000000000100000000011000101000101100000000000010010000000010011000100001111000010110000100100000000000010000101101101011000011000010000001100100010011000001001011000000011000100100000100000100001100110000000000010111000001011100010100000110000111000010
10000100100010100110000011000000001000000000100001001001010001001000101011000110000100000010100101010000000011011000010100101111000000110100110100001100000100001100100101000010010101100010000100000000101100101001010000000110011001000100100000000001100000010000100010011000100000001000001100010010010100100000000001000010000011100011010010001110101000110000100001000001010010011001000100011000
00000000100111011110010110011001000001010000100110000100101000111000010100111010000001100010010001000000001000100000001100000110000101000101000100000110011000001100101000011110101000001000001100111000000001100010101001000000011001010010010001001000001001111000000000000001110000100100100000100000001010000001010010010000110000000001000000000000000010001010000110000111100001010010000110000101
01000110001100000100000000100001000010101110000101110001000000010111001001111010000010110001000100010000001000010100110110110000000001001001100000100001000000001010000111010010101100001011100100000101110100011100000010100001010110010010000010100010100001000010000100111100000000001011000001000010000011000000001100011100000100010000001000011001000010010100000100001000100000100000010000100000
01000110001001001010001000000000110001010010000000000010100100001000100011001000001000010000000101000010010101000001001000000100000000001101001001000100100000001100000011100010100001000010001000000000100011000000011001111010101101010011000000000000101110100001100100111011100010100000111111000010010101100100111011000110001010001001000000100000100000000011000010001010101001000000001010000100
01000100000011010000011100000000000011001001000110010000100000010011000000000011000010001111000110000000000000101011010101011010001000001000000010000011000010110100100101011001010001110100110000000010011001000100100100000001100101110010000000000011000000001101001110010000001010001000001000101001000100001001100010100011001000010000101101010000100000100100001010010000010100000101100001010000
10000010001010101000010100101010000001000100100100011010001011101100001000001110001001000001000000100001100010000100100000001000011000010011010010100000001000000001111001010000001000010101000000001000000011001000110000010001011100000011110010000110001101001000010010001000000001000000100000000011001000100100010001001110101010010000100101000000000111100010000100001100001000100100101010011100
10110010101000000100010000110001100100001111000000000001010000110111000000101100000010000000001110100000001011000000000000001100100000000000100010001001101000110001000010100000010000101001000001010000100001111010001010001011001001000000000100001110100000100001000001110100010010011111001100100100001010000101000011001100110111001100010001000000000000001000000011000001000000101010010001001001
00000000010010010100010010100001010000000000100001000011000100000100000000011100000001110101000110010000110001000100000001000001010000100000010100000000001110000100011000001101010010010001000001111111100000100111101100110010000100000000000011000101101110001010001000110000000000011000100000100111000100101100100010011010100000000000011100000010000010001000100100101110001101001000000000101101
00010110000100000000100101010110111000010110010100000000000000000010010000000011100000000110101000010000000100010010000110011011000100000111000000000100111010010010010110010000111011001100001101100000010100001000001000000110010100100001000001111000000010010000110011001000010000011100001010000100110000000000000011101000010000000010100000110011100000000011011111000000010001010110001000000000
01100100110001001100000000010010010000110101110100100001100001000111000001001010011000101100000011000000001110010101011100000010000100000000011001010100001000000000011000101000001000011000010011000110001000010000110010010100110100001000000111000000000000010101101011110000000000010111010000000100010000011101000110000001001000000100100000000111000010000000010000001000110010000010000101000011
00010100001010010000001000001000001010000110000001000000001110110111010000000000000000100100000000000100100010100000101100011011011000110100011100100100000000011100110000100010010000001010000101000010000000001111000000010110010000100110100010000010001000000100000010000000001111011001011000010011110000010110000010010000001000100001010001000010010011011101000111000000001000101000000001111101
01100010100000100000101100100000010011000010100000110010000000011110000000000001001000000000001111100001001100110000100011010001101000000000001010000000100001010010100000000000000100100100011010000101000001111010100000000100100000011000001100000011000100101000000000100101000101000100010001001100110010100011110011111100000000010011000100101101000110000000000100010001110001011000100101001000
00011000010001001000000000001000000001100111001110000110000000000010011010010011000000000010011100010101101110000010000000000110100010000100001111010100100011101000100000101000110000000100111000110010000001001000000101001000000010100010000010011000010110010010100100001000000010100010000110011001010011010000100000011100111000001010000010000101000010000000010000000001010000111001001000111000
00000110000010010000011000001101000011001010010011000001001001000000010100000100010000100100000010100101101100111001000001001001100000000100001000010000000011110001001110101000000111100000101101100001001000000000101010110001000001010101000010110010001100110101010101001000010000001000000010000000000110100100000000010001000010101100010010000110000000000100100000000101001001000011111100001000
00000000000000000101011000100001001000010100001111100000010010101110000010000000000001011010010000011010000010010110100000100001000001000100000000011000100111101001100000110110110100011000000000101001010010010110000101001001101001011110001000000000000100000000001000100000010101001000011010000000000000101000010000010100001001011011010101010000101100000000100001011100101110000000000001110100
01000001011111001001000001000000010000100011111010010000000011010000100100110011001000110010001100100000110000000010010000110000001000000011000101101010000010000101000000000000000011000010101000000010000010000100101101000000111000000000001000000000000001001000101000000000010010000010100010100101100001010100000101100100011101010011000000110000111001001000100101100011001001101011101010001000
00100000001010100111101110000100000000000000100001100100100000011101011000001010101110001000000000110001000000100100110100100000100100100010010010000001000111000000110101100000100000100011011101110000000100111011000100010100000000010110100000001000101000001100010010000101010010001001100010000001000000001011010000100010000100010011001000000000100101100100101001000000000001011101000001000000
00100010001001100100000001110010101010010000000000000110000010111100010000110000101001001010000000001010010100100010111010010001011110000001110100100001000000010000011000110010000000001000001000101011001000010000101100110000000000000000100000100011000100000101010010011011001110001000011010000000000001010000000000001001001000110101011100001010111010110100000000000010100000010000000111000100
11001000110000001000010000000101000101010111101111100110000011111110000000100000000101001000110000000000011100000000001100100000100000101111010000000001100000010000000000000110000001000010100001100011000000110100000001000000000000100001010000000100101001001011110000101000000000010000001100000000001110100010010001001101100000010001011000100000010000011000010100111010111000111010000100100110
10000001000011101100101010000001011101100010000000101000000110000011100000011110000010001101000000001101000100000011001000000000101000100010101100000001001110100000100110010000111000000100011000100000001000000001110110000010110011000100000000100000110001000000000000000111000010000000110010010001000001101000010000101001000000010100010010100101001001000101001001000010100100010011001000110011
00001011000000000001101000111000001010010000010010010010100001111001011110010010000000010000001000000101010101000000110010000000000000000010010010011001000001101010001100000101001000100100000101100001001010000000111000010010100000000100000011000000000010100101000011101100010000010100011110000000000110000101000000101011000101010001100100101011100000100101100010000001010100010010000101100000
01110010010000011010001100001000100111000000001101011100010010000111011100000100101001000010111000000000000000110101010110011000000110011000000001101000000010010000100001100101000001000100001010010000000011100100000000100100000001001011110001110000000100000111000010001011001010000100010001001000101000100110100100101000001001010010101100100000000100000100100001000000000000000101100000000000
00000000011000010111011000100110100000001000111000100010011010101001011100001000000110001000001000100101001111000000000001001001111000010010000001010010000000001001001000100000000000011000111010001011010100000001000111000000000000110000111001000110100011101000001000000000000011101011101010000101010001000010100000000010100001010000011000100111000000000011001100110000010100000100000000000100
00001010010001010000000000001100000100010010110000100000010001000001000000000101100001110101101001101100001000100000001000000010110110001011000000010000000000000001011010000001010001010000111110000001101010100101010000101000010101011100010011010010110010010110011000100000000010001000000011110000011000011111110011010000000001010000100110000000000000000000101001100110110000000100000000001000
10000100111010011100000001010001000000100000010010000000010010100000000000000000010000001101000100000010000011100100000001111100000110010100001000001011001100100110001001101100001001100100000011010000110001000111100001000001000100001000010000101100011010000001110000100101011100000000011110010011001010011000100001101000000000010000010000010110111000000000100000011000001000010000111000010100
11000001000011001000100000100100001001010000001010000000001000000110000010000000011110100110001000000101100000000000001010000100011001110101000000000000000000010010000010110010000010100100100000110100000011011010100100000100100010101000001000011000100001000111011101000000001001010001110001110100101001010010100011000000011100001010110000110000001001000010100110000000010010000110110110010000
00000000000111000010001011000000010001111001000110011000100100000110000001001010000110110000000100001010000011000100000000001011001000100010110001000001111000000100000011110000000011000001000000000000010111101001000000010000000100010101100101000000110010101000001000110000000000001100000000010101010001000000000000110000001000101001010101110100100010000110100011011000000101101111000010111010
10000111000010000010100000100100011100010111001000100001000111000110010000000001001010001001100001010000000000010000111000000100110010001010011000010000100010001110010000101101011101101100010110010000000100000000011001000010010100101010000000000000001110000100101000001000001111000001011100110010000100001000000000010000000000100010000001010001101001110000010010100000010110000001001000100010
01010001100100011100000110001000100100101000000000000000011010110110010110000000010000111000010000100001000011010100001000110000010010110000010000011101100110100010011100101010000001001101011100010000111000000000001000110000000010101101000001000101000011001100000001100001001100000001000010110101000100000110000000001001000001000001010110000001011000001001000000010100000100000000000011000101
01010010000001011011010111100000010000001010100111000001000100010000000011000000000000001001010111000000000000100010000010000100010101111100010001101000000000010000011001001000010101100101001000101000100000000110100001001000110010001011001001011001010001101100010001010000000001000010100100001000000000110010011000110100000001000110011101000000011000100000001001000000011100001000001000110100
00010001001110000000111000000100001100100000110111000011100010000000000010101000001000010100010100001100011000001000001000100000000101000001000010111000100110010011000100000100100000001011100000001000100010001010000011000101101101110101100001001001101001010001001111100000000100000001110100010100100000000101001000000100000100000100000000100001001000010000010101001101000100001100001101000100
00010100001000000111110000100011001100111010011000110010010001000001000000000100000000100000011100110001000110101000000000100100101111000000000000000101100010000010101100011000000011001001110001001100000100000100010101000111001001000100000000000000100000001000000001101111010001010011001100100000101001100001011000001110000000010001000010100000100000001110000110010011000000000000011000011010
00001100100100010011000000100000000000100100011011101010111000010001010100000000100000000000001010100001111110010000111011001000110000000000001110010001011001011010000000000000010000001010010000011000000010001100110010111000000100101001011100000100110010110000010000001010010010001000011101000001010000010000000000000000011011100001010000000000001101001010000001110000100010011000000100001011
01110100010001100001010100000000111010000111000000000110001110100000000001010011001100001111111011000000000010100000001010000001110011001011100001000001000010111010000001010000010011000110001000010001101000010010100100000011010010110100000100000001011100001110011000000000100000000000000000000100011101011100010100000000001001001000000000000010000011100101010000000001000000110101000000001000
10000010101100000110100000101110000100000001010011010010100011000000110100000001100100010100110001001000010000100000000000000110100000010110000010000000001101100001000000010101001001101101011100010101001011100100000010001000000011001110110100010000110100101000100001000001100100000001001000000100111110010000000000100000110010000000100010000010011100000000101000010100000001101000000000001011
10100010011100000000000011100000101000001011000011100011100000010000111001011000010000011000100001001001000001010000010000001000101100000000000011111000000010000100101000100110000110010001101000000000010100101010000100010101010000000000100000001010100111011010001000011100100000001000010000000000001010110011010010000000010001000000000100011010000110110101000011001001010000011000100001111000
10010011100100000000000000001001000010001001010110100001000101011100010010000010000010101100100000000000010101011000001000000011000000000010000011010000010000000000001110101110101010100010100000000010110010010001100001000000001010000001101111011110000110100011011100000100001111101111101001001000001000010100010010010101100000000000000001000000101100100000000000001000000101000000100000101010
10000000110010000101100001000001100110001000000000001011010100000010000000010100110000001010001000000000001000010011111101101010100101010000000000110010100010100000010101001000101100010100000010100000011100100000000100000100000110000110000000000001101000000101000011000001010000000000000010110100100010011000011010111110001101010010100100001100101000011000000001001000010001000101010000100111
00000011010110000001010001001000010010000110000001000001010110100000101000000000010001100101001000000001000000111001110001000000000001000101101011011000110000001000000100000000000001100010000010110000100100011011000010000101001001000000001010101100101010100010000010000001001011101001000000100110000000100000000100111010100010000110000011101111111001100000000001100010010000101010010000010100
00000011001000000100010101000000000001000000011111000010000011010001010011000110001010100000001001100000100111110011001010000000000000001000010011110011010100010100000000000110110100001001001110001001010010111000010000010000010001100100110011000000000000000001010000011000110001000100001000011011010000100011000111110001010000101000010001010000000010010000010001000011000100100000000100100001
00000000000001000000000100101000001100100110100010000000000000110010000000000010100110010000001010001000000110000100000011101110010110010000000101101000010000010010110010101110100000000110110010010100000001010100010010000011110000110000010000000101001001111000100010011001010000000101100000001011001100001001111001000011100101000000000110010010001001000100000011010000100110000100000101100000
00000000000000000011001111000000101000110011110001010111000011010000000000011100000000000010001000100000100111000010100000000000101001110000110000110000010011011101000001101101000001010000000000010010001000010010000000100000100011100100000010000010000000001100000100011010000110010110000011000101100110000100000000010111100000011000010000110010101011000100101010110000100000101010001010100001
00010100101000110011010001010000000001100000001001111010000010001100000100001000011010010100000100100011000000000010100011111010111000000110110000000010010000000010111100001000000001010100001100011000000000000001000001001000001101011000001110100001110011001000001011101000000010000001001100010010000000000110001000100100000000001110011000000110110001100000010100110101010100000000000100000001
01000010100001100010110000000001000100110100001000010100001000000100010000000000000010001011001110010100100000111001010001000000110000101000010001000000010101110000000000000110010010101110100101000000011100010000000000101001010010000010010100111101110000010000001100000000100001100000000100000001100010010000110000011010000100101001110000000011011101100100010010000000101110101101000000001100
00100000001010101001001001000100001100101000011000100101001001011001000000000011110000000001001100000010011000000000000110001011011000010100101000011001010000010000001100100101000110011001100000000110001001100000000001000011000100010001000100001000010011011101000000010000110000000011000100100100110000001100000011111000010010100000010010000000000110110000111101000000001000010110010000110000
11000000001010000001111100000100010100110000011000000100011010110101000011001000100000101001101100000000100010011011100010001011111010001100110010000101000110100000000000100000001110000000001001011101000000111101000001001010001000100000101101101000001011000000101000110000000000000000010100000000111101000000000100010000010000001000000111000010000010010010000000101000010010001001000100000010
01011100010111001000100001010101000010000010001100101010100000100001100100000000100000010100100001000110000011010001000100001001100000101011001100110100001001100100010101010000000001000100000110010010000100101000000000000011001000000011001101110001001101000101000000001000010010101000000100000101000100000000001011001000100000001010111001000001100101100000100000010110000010000010000001011100
00001101011000000010001010001110000010110100000000000100110001011100001100010000001000011000001010001100010001000011110100011010000000000000000011110100011000000000000001000000001000000000000011001110001010000000110001000110011000000000000010110011000010000000010001110001001100010000000001001101000001010100100101000001000000000011101000100100001100001000111010010011110100111010010101011000
00110000001011011001000000000010000000001001000000100100100010000101011010000000000010101000001110010010000100000101000101000000011000001100010000000110001010010000101000000010000001010100000000010001000000100001101000110100110001101101000101010010100100001000110101101000000000000101010000110000010010101000010000100110000001100100000001010110011001111100100010101010111000110000100010100000
11100110000000001001100100100000001100000110000100100010100110100001000110010001000011000000110011101101000000010100010000001000000100000000011011001000100110000000011010010000001100101101000100100001000000000111000000101001011101000001001000110000000000000000000010000111110011001010000010100001010100101010010110000001000001000001100000000101000010101000100001100100001110000101000100001001
01000000000011100011110001000010010000011101000100010001010000100011010000000000100101000000000101001000100000100000011001000000100110011000001001000001010000000110010010010100100000101100010001001011011000010101110111001010100101101000000100100000001101111000010000000010000001000100010000010000001111000010111000010000001000101110010010100000000110010000010000001001000000010101011000000010
01000010000110011000010000110100000010000010011100001010001000100000010000001001100000000101000100100111000001011010010111101101010000111100001000001000001100001001000000010010010110010000110000000001010000010000000100101010001001101001010011000100110001100000000000001001000001101100100000000011010000000000001110100000100001100110010001000000001001100101001100101100000001010001001010010000
00000001101000000110000000101010000010010100000001110100001110001101010101100101100000001000000000000001010101010010000000000010110100001000010101000000101000100000001001000001011101000000010000110010000110101001001001000110001100010010000101010000010000100010000010110001001111110011000011110000001000000000000010010000001000000000110000101011000001100100001100011111101000010101000100000000
