10001000001101000000000011000011000010010100010000100000111000101000101100010000001110000110100110111000101010001010000000000110000100010111000000001000001001000000110100000010000000001010000011000000100100100000000000001100001011011000000000011001010111000000000011000010100000010110000100000111000010100001000001011011100010010000001100000000101000110010001100100110001000100000000010110100000001100101111010111010010001110001101100000000010000100000100101100001010100000100000000100001000010000011110100
00001000000001001010000000000000010110011000110110000000011000000101011010001000100000000100001110010001000100000000011011001001101010000001001000000000000000111000111010001100010000001011000000001100110000000010011010100010101000010001000100101010010000110010001101010100000110010001100000011100011000100000001010000110100000101101000010011000001010110100100000100100000100000100001000000000100101001110000010111011010000000000110011011001000000000011001101001000000100000010001000101010000011101000100010
00000100011011000010000000010000100000110100001010100100001100000010001100001100000111010000110100101000100100100010001010000100110000100010110000010010111101000100000011000001000000011001011000110011001100100010000000000000011110000110111110000000000000100100010010100001000100000000000000001000111010010000000001000100001001110000001000001000001000100010000011000000010001101111010000101100100000000000010111010001000000000000100001010101000010101000110011010111110011110010000010000001001000001000000101
01001000100110100010011000110101000100000110000110110101010100110100000001010001000100001001000100101001110001010100100010000001000100000010000000110011010010001000010101000010001000101000000000000001000001010100000100001010101100101100000011000000111000001000001010010010000001010110000101010100101001011100001000000000110010000011000000101000000010000001011000001001000000101000100001111000000110110000011000000010010001000111010000001000000110000011010110010000010001010001001101010001000001001000000000
10000111100101001000100110010100100110100000000000000000100110000100001000001010100000101100000011100100000110011001011101101100100001000011000011000000010010001000000010110001001000010100000110000101100001001100000100000010000000100000000001000010000010100110001000101101100001100100000100100010100010101100100001011001000100101001000010000101000000110000000011000001000001000100000000100001000000000011110110011100010100110010000000000010001000011001100001011010000011010000001001010000111001001100000010
00100011101001001000000001100001000100101101001010010000000010001001010000001000110000001000000000000000000001000010000100001101111000010000000101011000101000000010010101110001000000000100000100101001011001010011010111110001100000000000101000101001000010010000000101010111011101000011100010011001000000000000110111010001000110001000111000100000100010101000001001011100100100110011100100000000011111000000011010100011000000000010010001000000000001001001110010000000000000001000101011000011000000100100000000
00101000001100001110000100011011100100010100100011000000000000010001001010110000000001001010011011000000001011111101110000101000100010001000000100100000001000100010010010000100000100000001001000010100101000000000000100010000001000110100001001100010110000000101000100001111010010100000000010000000000001010001000000001110011000100100100101001000001000100100110000010000000000100011100000010000101100010001000000001110000100101001001000000001001100010001000011110000001110111010100110100101001101111001000000
10010010000000001000011001001010011001100001010000000001101000101000000001110100010000100110101010000010001001101001000101001000101001110000000110110100100000000100000000000111000000000000000101000101010100000000110000110101100100010000000010001001100110000100001000010010001001000110010000110100011101000010000100000101001000100010010010101000010010000100011001101101000000010000001000001001010001100011001110001101001000010001100010100011000000000000010010010010001010000100001010000000101001010001100001
00100000010100000101010100110000001000001011000001100100001100001000011000010000011000001010101001000100110100001000101010001000010000101100000001001010001101010000000001000110010100101000100100101100011011010011010000110000100100000001000100010000001010000010000100001010010000100010000100010010010001010010101010000001001001100110010010101010100000010001000000101100100001000001000100111000100011000000010001000000100001000011101100100110010000000100011001000000100100100000011001000000001010011001011000
00000100010001010100000101000000110101000000000001100101000001101011001011101000000001100000010100100010010001000000010010000010001001001000000000011010011000101000011100000100010010011010000000000011011101000000001100001000110100000100100000001110010000100101000000000010111001010111000101010100010010011000010011000000100101001000100101010011000000001010001001100011001001110011000001001000000100001000010010110000010000001000000011110100010010100000001001001100100000000000010101010100000000000101101010
01010001000100100000001000100100000000010010000111011010001000111000001000100100000010100010010001101100100110000111000000001010010100100001110010001000000110100000011000100101100110000011010000000100000100011101000100011101010100001010000000001000000100100000011100101111000100011110100000010001010100001010000000001100000000000000010101000010100110110010010010100010000000000100011000000101010000101000001011000010000000011000000001000111000100010011000100000000001011000000011010000000100110111000011000
10100100010010100001000010010110011001010000001100010110001001001000000001010001001010101000000011000100000100100100011001000010110000010110011100000010000000010000000010100000010000000000010010000000000000010001001100100101111001110100000010110000000001000010001000000000001000100001100001100011010001001100010000001010101000000100001000000110010010110000010011000100001000011000111000001100111001000100000000001011000000101000101000011010101100000101011001110001010000100011100000001000000000101100110111
00100100010000110000010111001101000001010000000100000000001000100001000001010110010010101010010111100000111000110001100000000011010010000001011000011010101000100000100000100000101000000000000000000011101001000001010000111001100101000000100101100100011011010010110110010000100011010010010001010010100010000000011010100001010011110010000000111000000000110100101100001101101010000000000000001101010000000000000010110111000000000000011011000100000001001000000011010001000000100001010000000000001000001100100001
10000010100100000001100101010011110100101010001100000111101000000001001100000100010011101000110010010001100000000101100111000000011001000001010000101000100010101000010000010000000001101000000010010111000100100000100101000010000001100001001100010100101101000101000100000011001000101100001001000000000000000000011001000111010010000001000100110010101001000001100000100100100100101000000100010000011001110000010000101000010000000100111000000011000000010100000100000101000010011001001110000001000000011010000001
00110101010001001000011001100000100000001011110110000010010010110000000000001011000100010010011000010000100110110000000001011000100000100001000011101110010101000000001101100000001001000000111001000000011101010110110100000101000101000000010000000000101000111100010000000000101010110000100000101000000000000000010001010011000010100000010000100001011000001001110110000001000110000101111010001000000001000000011110100001010010001101001010000000000000111001001000000100110001001010000100000000100000011001100000
01001000100000000010111010000000000011000100000100000001001110000001001000100000000101000000010000110000100000001101000000000000010000100000010100111100001001000010000001000101101010110010001010011011110001100100011000100000000111001000000101000001010001010100100011001100010011010000100001100111100011000000011001100111110000100010011000011010000000000001101110000100111010100100001100001100001101000000000010000000000000000000001001000000100000001100100000100001110000110111011000000001101101001100000001
01000011100000000110000010100101001001010001001010101010000000010010010111110000110000111011010000000000100000010101100001100100001110000001010000100100000000000000100001110001111100001001000000010010100101000000110100100100000010100001000000100000011110110000100001001000000000010010100010101101111100000100000000000010010010011010010110110100000001100011000000000100000010100100110100000010000101000000010011100011000001000010001000110010001000100000000000000100010101010001100100100110010000000011000001
10001010010000100100010100010000100010100100000010110000000101000000110000001010010101000010000000000111000000010100011000100011100101010010001000100010000000011000110100100000101000011101000000000010010100101101000010100110000100101000001000000000101110110000010101000010010000001000000001111111010010100000011100111000000001100000100100100010010100101001001101000101010000000000001010100010000100010000001010010100000000000000011010011000100100100111001000000010100100001010010101100010000000100100001001
00010100010001001110100010000000100001000101101011100010000000000000000010110000100100010100011110010000000011010000110000001100000001000100110000011100011010000000110100100011011010000001011011010000010000100100110000000010110110100010101101010000000000001100000010010111001001010000001001001000000011101110101011001010011000000100100001010010101010000001000000000000010000010010000100100110000001100010000001010000011000000110000000111000010000001100011000100000000110000010000011100010011001000001000000
00010000000000010100000100001010000000100110011111100110000000110000100000000000010000000101100100000000000100011010010000110100010000011000100111000001011000000111001010000010010010000100000001011000010011001100100011110000000100101010100100000110010010010101011101000001111000001000000001111100100101010000000100100110010111000000100000000101100100011100000000110010101011011001000000000010000001010000000101001000001000101001100100001011100000000000100000001000000000010010100100011001001010101000001000
11000100001100100001010000001110011010000000000010010000010000000001110101000000100110100010011000000010100000101001001001100100001100100010010000010010000000001101001001110000110011010000110000001100011011000000001000000000000000001010011000001010110100001101000101010111000111010000101010100101100000000100000000000101001000100000010100000010001000010001001000000100011100010000011001100000110000010010000011001000000001000111011000100001001010100000000000000100101011111001001001001001001000001000111000
11000101000010000010000110100100000001001000010000001010000100110000100001000000010011010000010000101001100111100000000000100100010010011000000000100111000010100010100000000001001100110000001000110010100101001010001101000101001101000001011000000000000110000000001011000101100100011100000000001001110000010000110100011000000000110100001000100010100000001010000011100000110000011000100010100000001000100001001100101111011101100011101000000101000100110000001000011010000000001000100010101001101000000001010010
00100010010101110000100000000000001111110001000110000110011000010001100000000100000000000110000100011011101111010001001000010101100101000000000101000000011010010000111001000000101111000000101010011000001100000000000010010010010011001100100110100010000000000010000001001100000000110100100110100010001100000100000100010000000000011001100000000001000000001000111010111010000100000110100011101000100000001010100001011010101100100010001001000010000101001000011000000010000011000101011100100000000000000101000000
00010110000010011100000001110000111000000000100001001000010001000110000000100101000110010010000000000100000100110011011000000000110100110010100011111010100010000000110100011000000000001000010010010000000000011000111010100100001000100001010101000001001000001011010011101000111010101100010000000001100101010000001001000001010000001001001000000100100000000100000000011111010001100000010000111011000101010100000000010100000000100001001000110011100011011001011000100100000000000000000100000010111000001001010001
10101010100001010110000010010000101010101011000000001101000100000000101100011100110000000001011000010000010010000000100000010000000001011111100000000100010100000000000011000101000100000010101100001000000100000000000001011101000000101000110101100000100000010000000001101010001010001010000110000101110000101111111000110000000001000000001110110010000000000001101000000001000010001000000001101101010010001001100001000111010101000010101111101000101000000010001011000010000100000011000101000000011010000001000100
10001000010100111101010110110100000000100001010000000001010011000000000000000010000000001001101000000000100000011000010100110010000100000100010010001001010100100001011000010000000000100100001011010010111000001000110110010000100000010001000100100001100011010001110000000000001101000001010000000010000111000011010111100100000000010100000110001011010000000001010001011000011100010000000110101100001111001000010010000110000000000010001001011101100000100000001101011001010100000010001010100111010001000000100000
10100010110101000101000010010001000000111001000000110110000010000000011001000000000000001010100100100001000010100100001001101000100100000000100000000110000011001010011100000110001100110000000000000001100001001000100110000000011000100100000011010001001000000000001011000000000000100001100010111100000000110101001100111100100100001010000111001001011001001001001100000001011100000000100000100100010100100100010110000010001110100100000000001000100011010000011000101000101001000111101000101100100001000001000001
11100010000010010010110101100001100000100001001100000001100001000000101010010000110000011100100010111100000010010101000010100110100000100000000000100001000010011000000110000011010001000100110100001011000001000000001000000001010010100100011110111010010000000010011000000010000000000000100000100010111010001110110000000000000000000110000000011011000000000000110000010100000101001010110100000010000011001110010000000000010110011011000100010100100000010001110010101000010101001100100100010110000011000000001001
00001001000001010010001100000100110001110000000101110010011010000100100000000000101100000010011010110000100100001010000010000010000001011010110000100000100001010100011010100000000100000000001001001000000000011001010100000100111000000100000000100001000100100100011111000000000000000111000001010111000000110001010000001000000001011001010100110001101100000001111110110010101100000000010000111000000101110110100010101000000000000000101000110110010010000100000111100000000100110000111100000010001100000000000001
00000000010010010011011010000001110000111001100100001001000010100011000001100100110011000101100000010011000010010011100100010101010100001000100001000001000001001011001010000011011011100000001110100100001000000100010010001001000000111110001000001000100011000010000010110011000000111000110101000000111000100000000010011000101001000000110100000110100000000010000000010000100001000000000000001000000000100010110001100000000110100111000000010000101000010000000100110010000000000011110101001100100110010000000010
10100111011010010101000010000010000001101000100111101000000001110000100000010011000010001001101010000011000000000010000100010101100011000010111011100111001100000000000000011000011100001101100000000010010110100100000000000000110000001110000000001000100000110001001000001010000011011000010101000000010001000000011001000101011001010010100000100110000001001100010101001101000000000100010000111010110000100100000000010010100000010001000000010000110001101100001010000000010010000101101100000010001000000101000000
00101101001000000110101000100100000100000110001001100000110001010010101011000000000010010010011001010000000000100000000000000000011010000100101001010101000011010001010000000110011000101100001101010111001001100100000000010011100001000000000110010000100100001111110000110001100000000100000000100000100111101110100100001100000100000000010010110010000010100000001100111001000110101000110110010000000010101111000100000000000000100100000000001000110000010001000101000000100000011000101010000010001001100010010000
01001101001000100000000000100110010000000010111011100001101000001000001001001000100010000000001000000001001000000110110000001111101101010111101100000110001001000000010001001000000000010001001001010000000000000010000110001010000011011011000000001001010110001101111000000100100000000010001011001011111001001000010000000010000001101011011001100000001101011010011100000000100000000101001010010101000000011000101000010000000100111000010000010000000100010111000001000000000000000000101100101010100010101000010000
10001001101000000010011000000110010001001000001001100001011100001011001010100000010001001000000011001000000011000000000000000110010001000000001101000000000100000000001000000001001100001110000110000110010000010101000001101010010001001001000010010000000001010101000000000001110101100000010100010000110100000110000100000001000001001011000001110011101001010101000010010010000000000001110010111010010010011101100001010011010100000111100011000000100000000000000001101001011101000000010010010110001011100110000000
00000100100011000110010000100110001000010110000100000000000100011001001100000001100100001011001110000001110011100000100110010001001000100000000110000000000110010110001010100000100000100000111101001000000000000010001000100000100011000010000100101101001000010100000010011111101100100101110100100001001100010001101011000011110101110001000100100000001010000101000100100001000010100000000000100101010011001001100100000000000001000000000010100000001010110000100000100100000001000010000100000001101000000101100101
00000100000000001010100001000010000001100111000001010010100100100001011100100100001111011111010011010000100001101000000100100001000000001001000001010000101001000001000100010010000100010100010000000011001001100000000010000000000000111000011110100110000010110010000000001100000101110000111001000111100100001110010000100000100000011011000010001100101101010000000100111000001100000100110000000000001010011101100010000011001001100000100100101000001000011110010100000000010010000000000011000000001010100100000000
00100000110001011000100110110000000000000110100010001000010100010100010000100010100000011010001100101001000010000100110110000000111000001001100100101000000001000000100110100000101100010000100010000101110100000100000001010100100000100001010010111101010000000100110000000101000010111000000011001000000001000011001100010010100011000011001000000101011000110010001010010000000000001100000000100010101100000010011010000100010010000100000100100010100000000100000111101000100100010010110000101001000001010000111000
00101110000110101000010000000010000010010001010001000100011000011100000100001000101000011100101110000010110010000000000001001001000000010000101001110011000010110000101000101010000111011010111010101001100100000100000100011100010000101111010110010000001010000100100000100001010010000110001000011000000010000010000100000000001110001101100000000000010011001000101000001010110000001100010110110001000010100000000101000000000001101010000010000000010000110000000001000000000100100010010100000100010101010010000110
10001000001000000110101101011000110111100100000001010000000011000000110100000010111010000000000000011000001000010010000010000000000111001001010100111000010100010111100010000100000010010000000000000000000001010000001101011100000100111100000110110110000000000010010100100010001011000011000100000001111100000101000101001101010010001011100000001010000100010110001100001101100000100001110100001001000111010100010000100010000000010000101000000010000000000000011000101011100011001001000000001000101000000110000000
00011011000001111000000011100001000010001000000110000000010101010100001101000000101010000000000010011000000110001000100010100100000100000011010110011100000000100000000011010001001000110000000110010100000011101001100010001010000001011001000000000000000100000000000001000100000001001100101000100000001110010010100101001101100001100010001000100110101000010010000110110010000011000000000100011001100011000001000000000110010010000000001000001010011100001000111001100000010111001111110100010100111000010000010000
00111001000100000001000000111000000000000100100000000000011100000001001000001110100000000000000000010000100000000100110100010000110011000100100000001001000100001010001100100010111000010110001000101000011000000001001000010010000010011100000110011001011011000100000000011000101001100110011100000100100001101101010000010101010110101000000100111000001100100010011000111000010111100000000100000001100000000101000101000100010100000000111011110100100100010101100000000000101010000100000100001001011001101000000000
01000001000010000111010001011000001101011011100000000000100001000001000000000001100000100000010100000001100010011010101001001000010010011010001010010001100000010010000001000000001100010000010001101101100110000100101001000010000001000000011000000001100010000000011000011010010000000110011000010011001100100000010000101100010110000010111101001010000111101010001000100000000100100000000001001010101000100111000111010000001000010110010011100001101000001100000100100001000000000100011000000100100100000110010010
11000000010000000010100000000011110011001000011001000000000000011001000000101000001000000000100100001110100110000000000000101011001100100010000000100000101000010001100000011010000001110000010000100001100000100111000001111100110010000011001000011001111000000001001101010111100000001010100000000000000010001000101000000010010111110010010010000000000001000111100110010001101001010000000000001000000010111001000000000000101000000110010100000000001000011100001000010110010100011101010110010100110000100011101100
01000000010100100001100010111000011010011010100100000000001000100101001000100110101001110101000100101100010000001001100000010101101000100001010000000010010010101000000100100000101101000010010000000101010110100001000000000000000000010010001001001000101000000010111100110001100101011010010001101000001000100000001000010000000000100010100000000001000100001100000000110001001000000011001000011101101001010101001000010000001010100101000111100000000011010110000000001000000001000101110100011100000001000010011000
10000100000100000000100000011010100100000101100000000000000100000110000011001011011000001010010000110010000110000001100000101000110101110011001101001001100001101001000000101100000010001100001010001000100010001000011100000000100001100001010000110100010100010000100000011000101010000001000000101000101111101101110001010000001011010000001010000000010001001000101110000000100000010000111000000101000010101100000111100000011000001001000010001100000000110011000000000010100000100011001000101000001000001011001000
00000001100110000000101000000101001100000000000000100010110010000101000010001000100000101110001000001000010000000110011010100010011000100000100000010000000000000000100000011100000000100000000011000010001000000001001100000100100001100100011011101011111101101001000010100010001001000001101000011011001101000110010000100000001111000010010000001101001000001101000111010000000001001100000010000100010000001100011000001010010001000000100010010000000100111100100010101001000100001110001100111100110010100100001001
11000010011100110100100001100001001101000111100111000011000100100010000000000000000000101101000100010110001110001000000000101000010000110001010001001010010000010000000001011000100001100000010000000000100000001111011000010010000111000111011001000000001100001000000011010101010001000100001001011000000100100000000100010100000110000101000011011101001010010100000010100010000000100001000000100000000001010100001010100010011001000010001001001001000010010100100110011010000000000011001011000000000000100111100100
10101000001000010001011001101000001001000001111000000100000000000001001010000100010000100110110000001011000000110100100000000011100001101010000000100100100001011010100010110100000111000100110000111100000000010000000100001001000010101011010000000100011000110100010001000010000110000100010010000100111001001001000000000000001000000000011100101001000100001001000000000001000010101000001000001110010101110001001001101111001110011001000001010100110000000000100010010011000101000100001000011000000010100100010000
01111000011110000000000000100110000000001010111100001111000001011011000100111000010000100100000000010100000001100010000000010001010100010010101000000010010100010011001000001001000001000101000001111000001100000110001001000001011001101000110000000001100001010000000100101001001001000001111010100000001001100000001000000010001010000000000110110010100000110100110001000000110000110000100001110001110110000110100101001000000001100101100000000010110000100000001100001001010100100000000000100110000000000001000110
00000100100001000000100100101011000100100000001100011101011001000001000100000110101100001100100000000011001000100101000000101110011100110111000000000000001000101001000001010100001100110001000100011110000000001000000000000100000101011000000000100001010000100001010011000000101011000110001000011101000010111000001010001010010100001000000000101000010000000000001110010010000000001000001001000101001111000010001110101100000100000000000100100000010010000000011000000111000110001100100110010011111000001100100010
01000100000000001011000100000111100011001100001000100000110010110011111010011100011101000110000011000100010010010101100101001000000000100010010100000000110001010110000101000000100011000110000010100000000001000010001100000111110101000000010001010010010001000001001000000011010011100011100100001010100000001010000100100011000000001000010100000000011001100000001000000001000010001101010001000100000011000010100010101000001100000010000000010000001111101010000100000000000010011100000110000000010000011100010001
10110011101000110000000000000000000101000100000011000010100001010100000100000000001010011010010100010000001100000000101010000000000001101110000000100101100000000000101000110100001000001010000100001101111000010000100000001011001100000000001010000000000010011000000111001000111000100111010100000000000111100111000001000011100000100100111001000000000001001000000110000000001110100111011010101001100010100101011001100010000000001000110010000010010010110001001001001010000000001100010000000010001000010101011110
10011000111110001110100000000001001100000101011010000001000111001010000000011010000101011111101000000000101010101110100000100100111100000000001001000100000000000001001011000101101000100000010101101110000000000000000001011000010011010001101010100101100111000100000100010000000010001000000101000011001100100110000011001100000001001100110101000010100000011000100000000001000111001010100010000001001001000001000000001001000000110000000101100101000010101000000000000000100010000100110000000000010011000000010000
00000001000101000001000001011000000111110010101100000000100100010000101100110000000111001110001000001001000001000111000101001000101001001000100010001001100000100110010000001001110001010000001111000010000000110010100000101011100010010000010000100000000011011010000101101000110110001010110001010000001000001011000100000000001000000001101000010100011010000000010000000000000001000111101001000000011000100010010001000100110100010000001000110000101100010000000111100000101110001010000001011000000001000100010000
11100000000001001000011100100000000000001100000110000000000010001100000001010100000101000010000010100100100111000001010011101000100011011010000001101000100010110000110001000000011011001110000010110101000010001101101011000010110001000101101000101011100001000001010001000110000100000000011111100100100100000100100100000110000000000101100010011010010110001101100000001100000000101000000010000011000100001100000000000100001010000010100000001100000010000000100101001000001110010000001010000000001010000010000011
01010110100100001001011000111100001100000000000110110000000001110000001100000111010010001001000100010011111010100000000010100011001111001001000000010001000000110011100000010011000011100010011100000000110100011100111100110100000010000100110001000000100101100010100000010000010110000011000000100100000101000000000100000010000000001010000000110001100100000100010000001000010010010100001100010000100000000000010000001001000010000001011110010110000001000000010100000110010100000000000011000101001100011010100010
00001100010101111010110000001101100000000000010001100000000000011010110000010010010000100000110111110000000100010000110000101110110101001001101100100101000100000111001000000001000011100001110000001000100000100110100010100000000100001001110001000000000110010001100011100000000000000110010001000100110101001100000011000010000010000101011010100000000000100000000100010000011001000000000000011100000000001000010001101011110101001010010101001001001000000010111000100000001100110010001100000000001000000000100010
00000000110011000010100100000010000010001010010101000010100000001111011110110001100100001010101010000111000001111010001000110011010000001110110000000010011010100011000100000000001001000110110011000010100010001001111100111010001001001100000100000000010000000011100000000100101010001010000000100000010000110000110100000100000011001111010111000000010000100000001010000001100000000001000101100101001000000110000000000000000000000001100010000000001111001100000011010000100010100000001000000001000010000011100010
10000000100000000010110000000001010011110001100101000000111001000001100000100011011011110000001000000000111000010000000101101001110000001000001010010000000001001000010000100100000000110011000010001000100010010100101010011001010000100000111000001100000001110010000011100000000100001000000111100000001100100100000000100101100110110100000110010001001010000000010100100001010000100010010110001110010000010000000000100001000000100111100000000001000000111010000101000100001000100001001101000111110010001101000001
00010000101010010000110000110101100000100110001001000010000010110000000000010001010100000000100001000100001000001000010001100001111011000001000111001100000100100101010000110000000001000010001010100011101000000010000000000010000010010110100001000110000000110000100000110000010011000010000010011000000010100000110001000010010000000011100000001000000000100111101111001101000011110100010000110110001000010000001010000001011010000010101001100001010010001001011001100100101000101001000000100000110110000000001011
10011000100100100110100010011001100000001010011000111000100110011101001000001000110001001001010100110010000000001100011000010110110100110000101000000000000000010001000101000010000010010010011100100100100000011000000100001110010110000011000000001000001001000001000000010000110001011010001010001100111011101000010000001001000000000010010011001000000000000100000100000000000001101110010101111010100001000000011000101110011101010001000000000000100100000000011000000100001101110001000100000000110000001000000000
10000001000001000000000000100001010000011001000001000001100010110001010001000110000000000101000001011100001111000010100010000011000101000001010101000111100000101100011101111001100100000000001000000110010100001010000001000000000010010010110000011000000001010001000001000000100110000010001000000010000010000010100000100001000010100100000000101100001110110100000100000010100100000000010000000101100010011001010001101010110001100110000100100110010011000101010001001010000001110001000100010001111101010000001110
01010000010100000011000011001011010000001000111000001000011000001001110010000010100010001100010101001001000000001000101000100101000001000000110000000100000001000010110001000110010001000100010100001010010010011000010000000000001110001000010001001010001010000001001101000101001100110100010000010001000101100110001010001001100000000001000111110000111100100000001100001010111100100010010000100101000010000000100000100000000001011011001100001000010000000000001010001100010111001000000000101011001000110100000001
00100001000100010010100011000000010011011010100000000100001010000000000010010101001010001001101000110000010010011110000100001010000001100000100011101101011110000000001011100001010100000010100000000000000000011000011001000100101110100001101100011000001000100000001000000000011100101000001010010110000000111001000101000001101100000000000000000010100110100111100110000000010000000101000100101000000100001100110001100111000000011100001011000000001010100100000000001000010110100110001000000100100011000000011000
00111000010100001000010000000000000011010000000100101000001011001000000000000110100111011111011110010000001000000001000110000001000001100000000001010111000001100000000000110010110010001010100000000010000010101001000000011100000101000000100110000010000001001010100000010010001100010000100000001111011000100100100110100100000000010010001000000001000001011110001110000000101000111010110000100111100101100101001100100111000001000000000001010110010000000000001000010010000000000001000100011101011100111100001000
00000100000000010000001111100100000000010010010110110000001001001100010011001100011100000010010001010000001100000000100000010110101001001110110000100101100100010101100001000001100000000100000000000110100010001010100011001000100000000010000011011000000010001000110001000010001111000001000000001100000110100111010001100100110000111000001000001100011100001000100100010010010110110000011100101000000000110000110000010010110010110100000000000010101000000000000010001001010000010000001000101000000001010010101001
00000010111101010000100010110001110110100001000100000101010001000000010010100100010010101100001001000011000000000000011000000001110000011011000001001100000000100010000001001000000100001101110000000001100000100000000000110100001100010000101000010010000001101000010000010010011001001011100000110000010010010000010000010000000100100110000000001000011100000000100000101001000000100110101000000101010111000100010010001110010011010000011000001011001001100001000101100000011000000011010011100100100100011000011010
11000100001100000100100000000010100100001000001010101001001000011001001000100110000000100110110101001000110100001000010010000001000000000010000111000000001010000110100010000101010000000001001111001000010111100000000001000100101010101101000000000000110101010110000000100001010001001000100000000001101000000110100010100000001100000010100010110000101000000100001000100111010000100100000101011100000110000110010000000001100110000110010000000011010100101000000010001001100011011000000001001010010010110010010001
01001010100111111000001011000000000001001000110001011100000000111100000010101011000100010000000011001000000000000000001011011000000010001110000000010000001110010010101010000001100100000011000001111000001000000101000000000010001100100000001100100000110000000100000000001001000100000100000011000110000001111000010011010000001110011001110100101000000001101000010001010111010100111010001100010110001000000111010101100100000001000100101000000001000010000100100010001100010100010000010000011010100000000010010000
00000110100010010000011000010100000101011101000010000101010010000100000001000110000000000010010100010100000101001000100101010010001001010000100010111000010110101001001100001010000000100000000000000000001000010110110110000000010010000000001000111101100000110111000110011000010010000100000000000001111010001011110000000100000001001100000100001000011001001000100001110000000000000000001001000111000010000011011101000000000011110100100000001101000000010110011001100010000001000100000000011101101000100011011001
01000101110110111010010000101101000000011101000011100010000100010001000101001000000101111100000001000101000000100011001100100011101001101011010010000000010001100000011010000000100110010000010000001010010000101000000001000110000100100010010011000100010000101010000001010100010001110101010011010000100001000000110000000000011011000001000001001000000000101000111000101000001100100001000101000001101100000001000000001000100000100000100000001000000001000100000100001010000000010010010010010001000011110001001110
00011100000010101100011001001000000000000000000011001110100000000000010100000100000101001000000000010001011110000100101011100000010010000001010110101110011000011110111000010000011100000100011110100000000000010000110000101100000000001101011011011100010010000110000010100100000100000000001101000111000011010100000000001000000100000000000011000100000001001100101100000110100000100111000101110001110110000001000001000001010001000100000010000000000110010000100100000000000010000111010000101010010110000101001010
10000001011010000000011000101000000010111000011000000000000011001001001010000000010000100011100101000100100000111010001110000010000101000000110000000001000101001000100000001010000000001101000010000000100001000000001010000100000011101001001000010010011010010000001100111010010010100111000010000011101010011001000100000100001010111100000000010110000001010100000011000110110010110011011000100000000011010011001001001011101100001000000100100110100000010000000001100000000100010000010011000000100000000100110110
00000100010000000001000000010110101011010110011100101101100000111100100001000001110011000001110000110100001100000101100010100000010101010101001000000101001100010000000000000111000001110110000110010100011101000100010100000000101000000001100000100000001010000100011010000111000001011000000001000010000101010101000001100100000000111011000000000000011010010001000011100010101100100010000000010000100010001110111101000000001100011001000100000010000000000000100001000001000001010000000000001000101000100010001100
11101101101010010001011011101010000011100100000000000101000100000010000010011010000000100000010000000000000000110011010001000010000100000100101111100100110000110000100000001100000101011010010000010111011001000000011100000011000010000110110000010100010011010000011000000110000010100000000010000011000000001000000000000001111000000000101001011100000000100000100011000010110100011001010001100110000100100000000000011001000010100000001100100000111000000000100011000000000010101010010100101000101101000001110010
01010000010000000010100011000011101100010011000100000110000110011000100011000000001110000001001000110000000100010011000110001100001110100001000100001110001000110000000001000111100101000100010100000000001010100011000000101011110100101000001000000100000001010000010110100001011110010010000000000000110000001000100011100100110001001100100100000000000001000101010000000001000000000100100010001001000000110001001100010100000000101101100001010101000100001110100000000000110001100000000000011101010011001100011000
00000000100101001110010001001000010001001011000001000000110001000000010110001010000000100000000011000000010000101000000100011000000010101001100110100011110000110100000100000001011010001111111000000000000000010001101110000000001000010100010001011001101001000000000110001000000110000010010001010100000010000110110110010001100001010110000001000011000001000010100001010100000010101100001100001111001000100101010001000000010110001010100000010011010000000100111000110001000001000100000001010100100000000000011101
10001001101111000010000001000000000000000000000100010010011001010010110010000011110100100000010101011110010110000000000001111011111000111001101000010100110000000100100001101010000011001010100101100100001011100001000001100001010101000100000000110011000000010101111000010001100110000011011110000100100000100100010101000011010010000000100001000001000101000000001000001000000100001000000100011010000100000011001000100000010001000000110010001011100000000000000000000000000001011100000000001000000100100100100010
00000100000100111010000100000010000000000010110010001001000001100101110000100010110000100010000001000000110000011010000000010000111011111001000000000110100011101100010010101000111001000000000000011100011000010010001001110011000110000010010000000000010000100000000000010000001100011001000100001110000100100000100001010100001000001010000011010101111001000100001110000011110110000000101100001000010000000011000100100011001001100001100110000000000000110111010001010011000100100010101000000000010010100000010000
01011010001110010011000101010010000010100101001011011010100101100100000000000111000000000100000000010000101010000101000101100000010100010000100000010101111111100100000100010000000000100110000001000000001000000100001111100100010100000000000010000100000010000011100110101011001110000100010100010000000001100001000001110110100010000000110010000111000000000000000100000100010100001000000000011001001001000011000011001001110100000010000001000001110000101000000010100101001010011000010100010010100010010000000111
10000100000000010110001000000000000001111000100010000001001111100000000000000001000000100100001110010100000010100010110010110001100101001000101110000010010010010010000110010100010010100110000000000010111110000101000100011010000000010000010100000100110010010111100011101000000101000001000001000000001000010011000000001000001001101001111110001000011000100000000000100001110000100000001000000100101100000000000000010101000001011000000011110011000000000011001001000010111000100011000110000001101100100101000101
00110000101010000000100100010111000000000000011000011000110011000000010111100100000100010101000000100000010000000001001001110000000000000100101001100010001001100000000010110000000100000101000000000000010011101100000000011110010001110000100000000100110010110100101100000001001101101101010100000010111010000001000000100000001000000010011010100001000000100101100000011001100011100010000000000000100000011010100000000101000001010010011000100010000100100100001111000101111001100000110011000100111100100001100000
00100011011001011000101001001100000000100000000100000000000010001001000101000001000001011000111001100000000100000000100100001110101100000000001000011000000010100011000000001000100100000001000101000100100000000000000000010100101101100000101001001010111000000111000010101000101000000001100101111000100000000110011000011001000111100010010000100000100010001011110001111100001101000000111100101000100001110000100100000010001010011000100010101000100000000000100000111000011001100011101000000110001001000000010000
01000011000000100010010010001100100011100001001010100100011110000001001100000011000010101101000000001001101100010100000000101000001111000011001000101000101001010100000110000000010001000000100000000010100101000001110100000001010000100100000000010000110100010100000010001111001010100000010000010000001110100001110110011000000001010001100000001100000001100000111000001010100100010000000001100010000000110110010001000010101100001110000000001001101000100010100110001000000011000010000000000100100000011100101010
00010000000011100011101100100001000100000011000101101000100001010000010000010000001011101111001000110000100010001011010110000100100001000010001000001011000010100000001011000010100011010000100001001001001000101000001000001100000110010001010110000000000000011000000010000110100001011000000011010100101010100000100010000000100001011000101000000011000101001100001000000010111101000010001001000000000010100000000000111010100101010101010110000100100100000001010010001010000000110001000010001011001000000000000111
10000000011010100011000010110100110000000010001100010101010100000100101001001010110000000000001000110101000100000000000000000001101001001100000110000010000111000110000000101001001001111011001000010000000111101000010000000001111010010111011000000011010000100100110000000000000000001101101101000100000000000001001100000000001100011101111000000000000000011100101100000100000010001000101100000100001100000000101001010000010001010101110000110000000011110000000000000010111010011011000000100101000000100000001010
01000100001010010010000000000001000101100110001001000010011000010000000000011001010110001011010000000001000100110000101100001000100000010000111100010010000101001000100001001000011000100000000001011100100000001110001101001000000001000000100011010001101001100111110000010010010100000000011001000001000110000000010010111100000001010101110000100001010000000000001001010101011110000001010100110010000011101010000000100010010001000110000101000010011000011000010010000000001111010000000011000001010000110000000100
00110001010010000001000101000000100000001101010101100100011010010010001000100000110010010110000000001011000001010011000100000011110100101000010001100000000000110000000010001100101000000001100011111000110001000010011011000000100011000000100010101000001001010001100010000100100101000001000010000110101001011000100100000001100110100001001000101010000101000011101001001100110100000000010000001001100001100010000001001101100000000000000010010100010000000000101000100000101010001011000100000000001000000010011110
00000111000110111000011000010001000001010010000010000011001100000110001000110001001000101001000001001000001001100000101010101001000001000101000100000110000001101000001100010010010100001100110111000001011110000001000010010000000000000111000000010111100000001000000001011000101100110000110011100100000100001100011100000100100101011000010000010010010000000110001000000000000000110001000000100010000000001011000100111010111010010011000011100011000000000010000010000001100000000000100000000010001001010101100110
01001000000100100001001101010000000000000001100000011010100100000101000100110101100101001111110000010100100001000000100100110100001010100000010101000111010110011101010000010000000000100001100000010000001010010000000000011101100010100000000001001000010001000100001010000001100000100011110000100001011000010010010010000110010000101110000000000001100011100000000110110100001010000110000000000010001101000000100000010101101000100000001000001000000100101101000101110101010011101010000011001010000000000100001000
00000100000000000000000110101100010100011010100000001001000000100000111001100000000000000000000000000011100001000010000010100011000100000011000010011110001100001001001010110000000000100010000010101100010001000101000111000000001000001001011011011001001001110000100010000001001101001010010110000100010001100000000010001001100001011101000000000000101000000001101110110011010000000100100100100100101110101001100000100010110000010101100011001100010100110000000101000000000000011001100110010001001000001010001001
01000100001010010011000111010011000110010000011000100000000100000110010000011000001100000000000001011100001101000000010101100001000000100100001000010001001011001001010100010010001101001100001000010110001110001011000001000001000100001000000010010001010001100111011100001000000000100000101000000101000110000000010101000010011000110001000001100010101100011000010010001000000001111000010100100110100010010001000110001000000100001001000101001001001000010000000001100000010000110000010001010111000000100010000110
00100000110001000001100010001000011000001011000100100010100010111011100000110100010001100101000000000001000000000110000010000001010000000100011001000100100000001000000101000111000101100010000000010010001101001100100010000000000001011000000100010010010110101001010000000011011011000001110001100000000000111010010100010010010010000000001101000011001100010010111000110001111001010000000000100000010000000001101000100010000011011110010001100000010100011000101001001001000000101100000111100000000100001000010000
00100011011111010000001100011111110011000110100110011010011100010100010110001000000001000010001000100100010011000000111010001001101010000101110011010000001100001001000000011000001000000000000100001000010001100000000010000110111100000011001001110101011000011011110010000010000010001000100100000000111000101010101000000010010010000010000001100000001011000000000001010000010011011001100000110010001001000000100101010000000000000101110000000000100000010000010001001010000000110110000000010000000000000000000000
00100000000000011100100110001001001100000001001010111110110000001100000010001101100000101000000100101001000010100001000101010100100001010001111000100110000000110010000000000010000010100010101000011001100000000001010100011010001001000011011010110001010000000000000101000100000000000011100000001100001101100100101001101010000010101010100010000000100011101010000110110000000010100001000000000000101000100111100100100000010000010100000000000101100000010010001000100001010001101010000001011100100000000111000000
10101100110100001100000101010010001001000010000001101011000101100010100010000000001000010011101001000010101000101000011010001001110000001001011101010001011101010000000110101010000101000001000100101100000100000011001100000000100110011000000000000000000000010000100100101000010100010101100110000001000101010000100000111010010110000000000001001000000010101000000100001000100010010111000001000000011010010010010001000001000000111100101100000010111000110000010000010000110100001000000100000000010000000000100011
10010000001110100001000011011100010100001000001010010111000000110000010001001000110000100111011100111010000110000100000000110001010001111010000001000000000010100000000000000011000101011010011000010001100110001100100001001000010010011110100101011110000000000100100000001100000000011101110010010001001000100011000001100100010000100000000000000010001000010000000100000000100100001000010100001100001000001001000101100011000000110101111001000110001010000000001000100000010000010001000000100010100100001000110010
00000011010001100000000101001110000010100100000010000000010111010000100100000110000000000110000010000100010111100110101111101010000000100000000000110000001000000100000111010111000000110110101000100011100000001010000110010001000001010010010001001000000010000010101000100110000000000010110111111110000101010000001100110111000001010101000000000000011010000110010001000000001000000011100000101001000100001100000000101000000100000000001000110011001000101000000100000010000101000000010011000011110100101000110000
10100010110010100010011001001100010100001101000001001110000000100010100001000000001000000001000111100010010100101000000000100000010001110010110011100001001000001010110100000000111000010100010010001001001000000000100000001000110100100000000011110000110011000001000000010000100000110001000110001100011001001010011010010011001101110101000101000101000100100000010110000010110001010010000000010100001000010000001000001000110100000001000100001000000110000000100000010000101000100000000000100001001000101101001111
01000000000011000001000000010000011100001000100000000010001000000111000100011010001100000000000010010000100000001100000000000000001100011101001100000000011000000110100111010101000001000000000101000111100110001011100110001010000110101000011000001100000111111100000000001011001110100000010101001000000010110010000010110001110000010100000000100111000101011010110000000000100000110000100100101100000001100100101100001000010000000000011101110000000001001010001111000000011000010000010110010010010000010100010000
