011001010010010101100001100000000101001110000100000010000001100001110010010110010100000001100000010010010100001110001001001101101000000101000001000000000000010001011000000000000000010100001110000011110000000010110010010000111000000010101000000001000000110000101010000001100000000101000000011011011010010000110000100010101101100000
000001111100010110010000100000101110000100110111000001001000100000000010001110000101111001010001001000001010000101000101010001010110110010111000100000101100001100010000011001000100100100000110100101000000001010100010000010000010000000010100000000000100001000001000011000010000010000010000000110000100000001011000001000001101001100
000000001000001000101010010001010101000000000000100010010000001000010101000100000001000000010100011001101000011101000000101001000100010000101010011000100001011001110010000010111000000001010011000010100000000000010001010010000010001000011011001000000111101010011000001010000010110100000101001101011010100001100011000000000001011000
001011101010000000011001110011000000001000001010000000000000000000100001000101001010111000010110000101010000000000100000110100101001101010000000000010001010100010100001000000000000000011100000001100001110000001100100000010101001010000001001010010000011000110100101110101010110000001001011000010111101000111000001000010101000000000
001001100100110001100100001111000001000001000110101000000000101000010110010000000000000000000100011001100000010010000100101101100110110011010000010010011100001000010100000010001010010000100001000100010000000100001110110000000100000100000100000000100010000001011010000000001001011010101001101000101100001100100100110000100011000100
101001010010101111110101010000100110100101100011011000010011011000101000010101101000100000000000001100000000000100110000000100101010000000011000011000010000101110000100100000000001100001100010010010000001110100101000010110101000010000001000010000000000000000101011100110001000001000000110000101000010000001010010001000000010000000
001010000000101000000101000000101100001111001010000001100101110001001010000000000000100101111100100000001000100010001111101001000000000000000001111001111000100010110110011000001001010001100000001000001011100010000000101010111010000000000000001000101000000000010010100001000000101010000001000100000000001001001010100001100110000110
110000100011100010000010010000000101000001001010001000111000000110000000101001110010100100000101101110100001000000001011100101000000000000000100000000000001000000000101010000000010100101010000100010010010101000101000100100000001000100000010010000001010010011110011010010100010100100000101110100110101011000010001010100000001001010
001001100000000011111111000000000010110000000101100001011001000000000000110101010100000100001100001000011000000110011100001000010000000001110000000010000000010101110000000001110100010000001001010010010110000101001010001111010000000001000100000001010001000100001000111100101000110010000100001110000000000011011100110010000100000000
000010000101010010101000000000100001011101001011000101110000001100000111101010000010010100000000010000001101010011010110001100010110000101001000000000001010000010000000100000000011110010010111000000000111011000000000000001000000001000000010010010010110000001010010011010100100001010011000100001000010000011000000101001010111000000
100100001001000100100001000010101000001001010111000010010111011001101010000000111000000000011000000010001010001011000000101000110000000100111011000000100011101010001001100000000000110000101001001100010000000100000000000011000110100001000010101010010000100000010000000000010100000000001001101000100001010000010110000101011100010101
101000000100010010101000111100010010100110100000000100100101000010001100101000000101100001000001000000000100000100010010010000000001001100000110011000101000001001100000001100000100000000100000001000100001000110100000011100000000010010100001000101100100011101111110010000110100000000000001011100010000011100010010000001101011110000
001010010000010011000000010100100010110000100101000000010001100001100000001100001000000000001100010101100010111000110011001100110001000010000000000111000000010101100000000010100101101001100100000111001010100000001110010000001001000000100001000000000000001000100001100010010010000000000000110100011111011110000010010000001000101110
000000000000100010010001001001100010010000010010110100001011000000101100110100011000001010100101000000010000000100000100110000110100011100000000101001000110000001010000001010010011001000001111011001000000001100101001000100000001000000010110010010000011110010001000001000011100001000000001001111010000010001000100100000011101000010
001000010000000000000110010000111101100011101000100001001001010001000000010000000000000000011010000000010010000000001000000100001001100100110010010001001100000010000000111110001001010100100101110110010000001010001011000110001101101010000011010100010000101000000011001000010000100100000000101010000011000000100100101110011010000100
010000000100011001100011001100001011010001000000110000101000001000100101010101001000000000000000001000000110101000000010000010010011100001000001101000000100100001000001000100001010110001110011000101011011000000010000100110000000011000100101000000000111001000000101001010011011000000000010101001000011101011110100100000110000000000
110110101101011000000000001001000010110100101000010001000100110000100100111010000011110010100001010010000101011000000100010000001100101000111000100001001000000000000100001010000000000000011001001000101010000110000101011000000101000100010000000101001000000100001101100001001000101001000000110001000000001001100010110000010100000010
100011000011000010001000000000000001110001001100000000100110110010101011010100000100110000000101110110001010100100000010000000001001010000000101001000101100000011000000001000010100000100011000110000000100001110010100011001001000101000010001101000001000101110000110000100001110000000000101001100010100000001000000100010000011010011
101000101100000010101010010100100000010000000100010011000000011001100001000010110111000000100101100100100110001000000110100000010101100000000100000010010011001111100011000010010100001000011110010000000000000010000100001010100001000100000010100100010100000001101011011010100001001000010011010000101000000000101100001000000000001000
000100000001011110100000110011010000110000010100000000000011101111001000010010010000000011010100000011101100001011000000000000010100000000100001010001001000001000000101010000000001000010100001001010001101010010001100110100101110000100000000001011001000100000000000010111101101010000010001000000101001100000001011100010000100100010
000000000000001011001011100100000000100000111001000110010100100001011001101011000100000010000010000001101011000101010010000110001001000111011000100100100000010000100000001000010000000000011100000110001000010000000000000111001100001110000111000001101000011000110011001000110001000000000001011100001010000001011000110000000100100010
100000010100100100110000000101000011000000001000000100000100010101101000000011010000010001001011011110011001100000001110000010010010100001000010001010010000010100001001101100001000110110001000010000100001000010101000101010000001011100000110101110000000100000001011000000010000100110010011010100110000000001000010000010000011000000
000110001000011010000010101010100001011001011001000010010110000001100010010100100010010010001010110010010100100000100110011000000010000000001000101000000010001000000000000000010010100010000010011001010000000000010001000010110000001000011001010001000101010010100011000000100010111000100011010001000100000100001101100001110000110010
001000010000000010110001000000100000001010000100011000111000000001111100000000000011000000010000000000010010000001010111010001011101010001111101011000100100001000000010000111001000010110001001110000001000100110001010110111010000000000100000111000010100100001000111000000100110000000000001000100111000000110100000010001000010001001
100001001000110001110110100101100001011000000010000000100110100100011000010010010000011010000010000000000110000100010000011100000011100100001010001000011100000100100010010000001010000000011000010001001100000011000000101000010000100010110000001010100000101001010110000110010010000001000110100001000101000000000100000111100110000110
011000000101010100010000000010100000110110010000000101100000001011000110000000011000100100010101101000011000000000000100101000000101110100000011000100110000000000110000001100000000001001100100000001111010001101011100101100001000000000000001011100111011010011100100100000000000010111000000000010000000001010000100011011110000100000
100110000001000000010001000000101000110101001000000011000010001000001000010001010001000000101000010000010110100011000010001000011011011001100000000011001101000110100010100000100000010011001000010010000001100101001001000001000100000110011010011110101110001000100100000100110000000010000000000000000000101011101010100000000101000111
001000011000110000001000000010000001011100001001000001000010001001000100000100111000101010100110001110100010100001010100000000001000001001000000101010101000000001110110000000000000000100101000000010000101011100000110000000000000000001001010101100111010000101001101000000110110010100000000000100000111100110010010000110011011100100
010000000011101000110010000001001100011000000110101000101001010000101000000000000011110000100111110001100000010000010101011010000011000000000010001001001110001000100000000000001010010010000110000000100001001010000010100010101000110001000111010000000000000101111100001010000001000100110010000011001001010000010011000000101100001000
010110100100000000110010100001000000101010000101000000000100101001010110000000000111000010110010000100000000000100000001001010011100011001001000100000001010000011000010010000000100010100000000000110010101000111001000011100000000100001100010101001000101000101101001000000100111000000000000111000000000011110101001000011100111001100
000010001011100110010001100010000101101010000001001100100000001100001100001000101000010010000000000000100100001000001011001000000010000011100000011100110110000010000000000110001100010000100010001001010011000010000000000101011000100100000001001000010111010000001011000011001110100100100000000000000010000011011000000001111001111001
110100110001001010010100100011110100000010110101110001101000000000000000011011100000010100010111000010010101000100011000010100001010001000000101011000000010000000100111001000001110110000000000101000100000000001000001001100010000010111000001000000001110101101100000000000000010011110000010101010000000000100000001000010001000000001
100000100011000000000000010101010100010100000010000101001000001110100000100010000110000111010001101000010010001000100100111100000000001110110111110100010000011000010011000110110010000000001000110010011000000011101010010010000000000000000010010100010100000000001001100101100001001100001010010001100100000010000011000000000100000010
010001000000010100000000110100000000000000101001000001000100000101100010000011100010000010011010011000011101000111000101000100000100000010011000010000000000010100110000100000001000110000100000000001011000000011010000011100000000000000001001000001010100000111010001100011001001110010100011100011001001111010100111100001010110001000
000000110010000101101010000011000010010110000000000000000001000100000001100010010010000011110000010001010110000000101101000010000010001010001001100110011000000000000010100000000001000000000111011001010111101000110100010100110000010100110001000100010101000111000000010010001001000001010010000010010010000100010000010010111100010100
100100000000011000010001001000100001100010000011010010001100101000101000001100000111000111111000010000010100100000111010001011101001001000000000010101010010100000001110100010101011000010111000000111000011000000101000000110101000000000000100010100010000010000000011000000000100000001000100000010000101001001100100000100011010100000
101010100001000100001100101100011000010010011110110010011001000101111000001001000000000100001100000101010110100000001001001011100100000000000000001010100000000100001000001000000000001000001011000000000001000001001000110110110111000001000110001110100010100011010000001001100000001101101000000000000100000000000000110100010000010111
000111100000010100011110000000101000011001110110001100000000001010001001110000000000100100000000000100000110010010100000110000001101000001000101100001001000000001000001000010000100001000010001100100010100101000100110001000010000001101101100011000110000000100110000110100101100010100101100000001010101000001010000000000101000100101
010010010010000100000111100000000000101001001000001100001100101010100111110000101001000001001010010001100101000000000000100000000101010010000110100000000000000000100100001100100001100011000010100110110111100001001000100111000000000011010110110010100000000000110101000010100100000000000000000000011111011100000110000100100000000010
000000010001000001011000000000000001000011000000110100000001110101100100000100000100111100000010000000011001010000001000010010010000000010010110001000110010000001000000100100010001101001000000111011010101010000010001011001100011010010001100000001100011011100011010001010000000001110011000001100000000100100000000100000001110101101
110000110001100000110100000001001000000100011000100000101000010000001010101000100000000100000011110100010010100000100000000001100010011000000000001100000111000101001000100010000100110011000100000010101001101010001010101110000100100001110001010000000000100000101111000010001001000010000010000101000000011010111000000001010001001110
100000000000000010010010100111000001110011001001010000110000011010000000000000000010101010100100000111110100000100100011111001001011101100000010100000000001100010000000011001010000010000000110000010001010010010000000011110010110000101000100000010001000111000000000101000100100000000010011000100100011010000010110100001100001001000
000010000000000100100000000011000000001111000001100010100000101000011000001011001000101011001010000000101101101010011001110001000000000101011011000000101111001000000001000100100000010001000001011110011010110000010010000010010000000100010001100001100100110001000000000000000000011001000001000001000100010001010101001100011010010001
101100000000011010011110001110000110111010100110010101000000010000100010100000100000000101010010100001000001100001000100001000001000000000100100000001000011010000000001100100101001110000001110000001100010000110100000010000011000100110011100101000000001000010011010001010010001110100000000000110000001001001010010011000100000000001
010000000000110000000001101110010000111110000001001101100000100100001100000100100001000000000100110000010100000011010000001010000000100000001000111000000011000100000100000010000000000000011101000100100000000000000001010001001000011101000110010000000001001101010110111001101100010001000001100111010001000001011001001001100111010101
000000100010000010110000010110000001100010001000100101010110111010110011100100000101000000001010001000001000000000110100000100010010010001101101000000010100000000000000110001000010000101000011100000111010001001010001010000001001101110001000100010000010011000010110000000000001100010110100110011000101000000000000001110000100001010
011101010011000000100001000000001000100010011010100001000010100111110100000101000011000000010000010010100000000000001000110001000001001001011000000000001101110001100001000010010101010001000011110100010000001100110110010011010010001000000001000010001010010000001110000000101100000110001001000101001010001000100001100001000100000000
011000010010000010110010000100001000010100000000011000010110001011000001000101000001110100001001001000110100010001001001000110000101110001000000101000001010000000010011100010000001000000000000000010000000000001100001010110110000010101010100111100000001100011100001000100010011101100101011000000010000000100000001000100001001110101
000100010101100101000000000000000000000100001000100001100101000110000000000110000110111100001100010001111010010001001100110100111010101000100000001000001100010000001010000010000010101000001001100101000000001000100001001001000001000011000001010001100001000011001000100101000000010000011101001100000010000001111000001000101000100111
000100110101001000100000010010000000111100101101001001010100000111000010000010000000010110101000010001100110010110000010000000100011000100111010011010000001000001000000000000100010001110000001110011010000010000100101111011000010000010001111000100001000101010000010000000011000001001000000001100001000010010000000011000001100100000
110010000001100000001010010001101100111100001110001100001001100011000110001100000100000001000000000001001110100010010010010011010010000001101000000010100000001000001010001000000010001000000011000000110010001100100000100001010100100110000000110001001001001000000100000000010100011000111001001000110000001010010000100110001100100001
010001001000000001010011100010100100010001000010000000011001011110100001011000000000100110001000001011100100000011100101100101110100001000111100101000010100000000011010100100000100000100000100000010000110000000011100100100000010010101100000100000110000001101000111100110001000000000001000010001000110001000100000010001001000000010
000010010110000010101100100110010000000111000110100010000100000101000111011100000000100001010110000001010100000001000101001000101010110000010110001001100000001000001010000010000011000001011001010001000000101000010100000001010010100101000000000000000100000010000000011011100110000010001101101010010010000100100100001010001000011000
000010000100001000001001001010110101000011101000011101000110000011101000000100000000101000100100101100010000110100101101001110001010100101000000100101111000000000011101000000000010011000000100100000000010001001000000000100000010000000110010011000101110010000100100001001010000011000000111000100000111000100000010010000000110001000
010000101010000101010101100000110100000001000100001001110011000100001110011011010101111011000100111000000000000000000110000011000000100011100010000100000100100000100000010000010101000001000010110010000000000000000100110000000110100010001111000100000110000010001010000100111010100011000100110100000000000010010101010000000100010000
000000010101101111000001000000000000000010000101101100000001010100010110000110001000001010000001100000100000001000100010011100010001001100100000000000101010110110000000001010000100001010011000000000001001001100000010011100010101100001000001100001000100001000111000000111011001000010010001100101001010001110001010000010000100111000
100000000000001000110001011101000001010000100000010000111100011000110011010011000100100001110000100001111010000001110000000100011010000011101000000000000001000010110100010100001000010010000010100111100110100000001010011001101000000100001101000011000000101010010000000010110010000001000110000001000110000001100000100001000000001000
000000000001100001000100001101000100000000000000010110100101000011001011000100111010001000010100000010011100011100000000010010000001010111000000000001011000010000001000100100000100010000001001000000010000100001111000100000100010001110000011001010001101100011000101000100010101010001111100001001011001000001110000110001010000000100
000010001111000001000001000000001011000011100101000000000000100001010000001000000100001101010101000000100011000010000000101010000010000011001110001010011000000100101000000001000101000001100110000010010000010000110110110000110001000101101011011000011100011010010010110000101100100100100110100001000010110100000010000000010000000000
110000100000000000000010000010000110000100001010001010000101000100100000000100110001110101011000010110111100000110000100011010100100011010011100010010001010000110100100110000011100001000101000000010000001000010100000000000000000100010000010000100100110100000110000100010000000111101010100001110001000000100001101000001010011010000
001110011010010000000000010000011011000100010110110010101010001111100010100011001101110000000100000011000101001010000000010001000000001000010000000011010001001000000011000000000101010100000101101000001000000001010000000000011001000010000001100001101001000001110010110000001000001101100100110000010001100100100000110001000000000101
000110000000101000010011101100000000101111010111000000010001100000100001000010001001000101010010001010100000100000010000000001000100000011011000010100010100000001100100010000000000000001001100000110011100010011000101011110101000000001000001010000011010000010111000001001000110000010110000001111000010010110000000100001010001001000
100001101010000000000010111000100100010001000000001000010010111001100000001001000001100001000111001010000011000010000000000100000010000000100110100011000100011001000000111001101010110000000001000100000100110101000110010000011001010000000001101000101100000100001010001001000100001011010000001011110110001000100100100000010100000100
000010000101001001101000011000111000000000000000001010101100001100000010001000000010001000010001000010100100100000000011010101101110001000000000100000000001010000000110001001001010000011101010000100000010000001001110000101000101011010011000011001011001100000011000001000000100101010000110001010000010100101000011100101100001011000
001100010000110110000000010000000010010100011100000000000111000010011000110000010101100000010000011001011100011100001000010001100000000000010000000000100101010000001000101000001000001000110001010000001110000100000100011011100000101100000111010010001001000010100010100100100011000010001000000100011000001000000011010000010111011011
000000101000000100010000000000011000001100010000001010000010001111100101110010010010001000011000101100000010000000100001001010110000010001000010001011000000100001101101001100100000100001100000010101000010100100001000000110000000010011111000100000100100011001000100100110101000100000001100001101010000010110100001010001000010010001
000010010010001011100001000110011000001000000000000000101010000010100000001011001101000000100010000100000010000000000011010011101010000010011101001110010000000101000010010010001100001100001000000100000010000000010010001100000001010000011010110001000110010100000110110000010010000001001110000100001000111011010001101000101011000010
100110011100010000001010000100010010000001010100100010000001000000101000101000100000010000001100000110001000000100010000010110010000000100000101100101000100110000000111000010000010110001101101001000000111010100000010101111100011100010001010000000000010010000110001000001001001100010000101101010000010001000000100001000111000100010
100001101010010000000000000100001100001001111101000000000001010000000000000100000110001001100100100000010001101010000111111000111100000001100001010000011000000010010000000000100100110010001000100000001000001001000010001011000110011000011000110011010010101100010000100100000000011100000100100000110100000001000110001001100011000011
001110011100001001000011010001001001000101001000000001100001000000010100000001100100100100001101110000010100100011100000000001010110000100000000100110101100000001000000000000100100001111110000001010010000010100100000100000000001000111001100100000000010010000010001000011000000010000010001000110011110000100011011010101110100000010
010010001100100000000011110100100001001011001010010101011001010000000000001100000110101000010100000110000001101100100000010011000101000001100001110110001011110001011100100000100000001001000000010001000001000111000000001100101001101100000000000000000111100110000010000000000010100000001001100000011000000001000000101000001000110100
000100001000100000000001000001000000010100000010001100000000100000110100001100000000000101000000100100100011000100000101010001101010000010010010110101000100100000000001001000100000000001001001010011000111011100100011110111101001001000110000111100001100011001000000011001000111000010100100001000001101001000100000101000000000111010
000100010000011011000010000010010000000100000011100001000101000111100000100100000010000001011001111011000000010001000000000100010010011000000101100111100111100101111000100000001000111011000110000000101000011001010000111001000101001000100000111000110000110010001000100000000111001000000000000000000000000000000001101100001000010100
010101010100100001011000111011000000000101101010011001001010100001000010001000000000011100101000100000010000001110000001100001100000000110001000000000000000000000000100000011001100000001001100010010111001110011000000010111000100100011000010101010011100100000000001000000000000000011101010000000001101000001100010011100101100001001
000010100100010000011001000010100001001000000001000001001111010101000001001001100000001000100010010000001000101000000001000110000100000000000101101001010010011101100010110000000000001000110010000011100000000100110001100010100010011001100100000000110111110000100100100010000000000110100000001010000101000010010110000011010100110010
010000001010000010000000000100100100000100010000100101110110100101000000100000010010000111000000010010000100100000010001001100000000010000001101000101000011000000000010101111001000101100000000111000000010011001011101000011110000100100011010100100100101000101000010010100010000000001110100100001010001000100100000011101000110001000
001010001000000010010001100001011101010100000010100100011000110100000010100101001101010100010011001000101100100100000100101000100000010001010000001010001100110100000010010010000111000100000000100100100111100000010100100101000100000100000000000000000000011001011100000000010001110000100100010000110100010010000000001010010101010000
000000100100001000101010001010010100000011101100000101100011010100100000101001000000001100000000000001101111000101000001000000000101010000100010101000000000101000101001100010000000000010000000100011000110001001011000000111100100101101100101000000011101010010011010010000000010010000100100000011010000010000011010100010100010000001
010100010100111000000000000001010010011011000000011001010001111010000000100011100101001000010000000000000001000010001000000011000000010100000100000101000100000010001111101000000010101011000101000110100011110100000101100100010001111010000000010101000010011100000111000100100000100100000010010000000100100001000000001010010010001100
010011010001000110000010000000010010001000011000000101000000000001000000111000000000000000010000001101101011000000111100100000100001000000111110000110111011001000010010000000011011011001111010010100100010000011010011000001010001100000000010000000000000001011000010000000110000001010010110100011110000000011010000010001010000001011
000000010000100010000110001000000000000000101100001001100010100110000100101110100101100000011010000000100000000000000001000001100100010000110111000001000100010010100001111001000000010100010101011001101011000011000000000100100010000001000110010010010001010100111110001001001011001100010100010010001010000100001100000000010000001001
000011000001101100000000101001101000010101000110001011000000001011011000100000100000000010010000011000000000010010101000100101100000101011100001000001100010000110100000110000011100110110000000101000100001010000010000010010000110110000110010000100000010010000110011000100001110000001000001010100000001011000001110000000011000100100
000000000010000001011001110000011010001101000000000000000111101001010000100111000000001010000110001000000001100010011001001000000111100100000110010010001001110100100000010100010001000000100001010000010000010000011000000001111110000101111101000000000000010000010000101000101001101000100010001000000000110000001000010111010001110100
000101000100011100110000000100000111100000001000000000000110000011101000000100001100010010000111000000110000000000001000110000001001010100000001000010101001101001000010101001011110001000111000010000001000101011001000110000000100000001000111110001001100100001010100011100000100001000000100000100011001000001011100001000001111000000
000000010011000100000000110001010010101000011100000000001000100011010100000000100000000100010010110110010000010001000101000110100100111000000011011000000100001011000111010011010000010100100010000001000100010100000101000101010000100010000001101111000001010000000010100011100100001111000000111010000000010000100000100000000011000110
100110000000000000011100100001001111100000010000010000000000000000000011100000010110011000110011100110001001000000101110000001011100100010100011010001001010010000011000000110001100000110011010010000100000001100011010001001001111100000000001100110000011000110011001010001000100001000000001000000010010010000001000000001010010100000
000000010000010110001100000001011110000111000100000001001111101100100001011000010100100001000100000010001100000100001100000000010000000110001010100101000000000010010100000100000101000100101011001010010100100000110001000100001100000010110000000100100100001000100010010001000100010101100110101000111100000001000010100001001000001001
000000101010001100100000010000110100100000010010100000100000001010000010011000000000100110100000011000011101011000010100000011001011000010001011001000111000011000010010000000001110100110010000010101100000000011000000101001001001010100100000100101100110010011000001000100000100000001100000110000010001010001000010100000111000100100
101000110000101000000101000001011000010001100010000000100001000000101010010000010000101001001001000010010000111001100011000000000100000010101000000100101110100010101000100100000000000001000001100000010000001100000001000101000100001000101101011010101010011010000000000010000001101111010010100000000110011000000010100011011101000110
000110000011010000010001010110110001010100010100100000010011111100001101001011100100000101100000001011000110000001000000000001000001010101000100000000011100000101100010001010000001101110100000010100101000000000000110000000001000101000000000011000110001010000110010001110010100000011100100000010000001000000010110001000010000000110
000001001001101100100000001101110111000110010101001010000010000100000001101000100001100001000101001000001000000110101111000100001011010001000100011000011010011000101010110000100001001010100000001011110100100000000000100001000101000000011100000010000000001011000001000010000100011000000011000101000010000010000100000100001000010000
011110000100100110010110001000010101011001001101100011000010110001010000010000100000000100100011000000110000010111001001000000000000110111100010000000001000001100001000001000010101001000001000010000000010000011000100010100010001000000110101100001010101010110100100000011001000000100100010000111001000000001100000000000010000101001
010010000100001001100000000001000001000000100001001100010001110011010001000011010000000000000101001010000100100000010100000100110101001001001001000011100001000010001000001000111010100000000000000001010100010000101001001001010001100010001010001000100110100101111000110000010001000100011000011101000010000101001000000111001001010001
010001001001001100100000010001000100100000011001001101010000011110001000101000100001111110000000000100000000100010100101110011010010001100111000000000000101110011010000000000001000100000000100100000010000000000100010000111010000100000000100000010100000000110100101010100001001001000111100001011100000011010100001001100000010001010
100000110000000000010100000011000100000010011101100101010110101011100000001000000111000100000000000010010110100101100000001100100000000110010000000110011100001100000000011001110101100000010111000000100000100101000110110000100100010011100100000000000000010110110100010100000101001000000100000000000000100100000101111000010000110000
100110000010001011110000111000000111001000100000000000011001011010010010000000110110011010011000010010001000000000110011001000100001101000000110000010110000000001000001001000100001010101101100000010000000101000101000011000001000011001110000000100100100100100100001001000111100000000110000000100100110100000010000000001000001000110
000010011000100000000001010100011000001000000001001010001000010100000010001010000001000100000000001000000000010011000000001111001000000010110101001110000010110000010001100100000101010000010110101000100111101100001101011100001100001001100001010001000011010100000000001000010100000100110000011110000110101100100000100001101100000000
110001101010001110010000001100000100011001010010100000001100000010100000000110110001000000111000011101010010100000000011000010100001010100000100100101000100010010000000000101001100001010000010000001001000001000000011000100010110100100001101001000110000001110101000000010001010001011001001010001000011000000000000000010001110101000
000101000111000001011000000010000000001010001001000001001000001001000000110000001100101000100000111000001001000101001001110011001010100100000011111010110010000001000010000000100001100000001100000010111000111010011111000000000000010100000101000011000001001010001001100000000000010000100000000100000010011010011101000101000010100101
000000100000000000000001000001001000000001111010001000100100001010101010000001001100001001100010100000001000011011000001011000001000000000000110001000110100001100010000100100100000000011000011000010110100011010011101000000001011000010111001001100011001000100010000010010100000101010110111010010100010001010100110010001000000000001
